image_width: 1288
image_height: 964
camera_name: narrow_stereo/left
camera_matrix:
  rows: 3
  cols: 3
  data: [965.771234, 0.000000, 674.386312, 0.000000, 965.606280, 478.379589, 0.000000, 0.000000, 1.000000]
distortion_model: plumb_bob
distortion_coefficients:
  rows: 1
  cols: 5
  data: [-0.338630, 0.112600, 0.000388, -0.001000, 0.000000]
rectification_matrix:
  rows: 3
  cols: 3
  data: [0.999929, 0.002653, -0.011657, -0.002611, 0.999990, 0.003542, 0.011666, -0.003511, 0.999926]
projection_matrix:
  rows: 3
  cols: 4
  data: [897.470155, 0.000000, 702.530930, 0.000000, 0.000000, 897.470155, 466.598667, 0.000000, 0.000000, 0.000000, 1.000000, 0.000000]
