# oST version 5.0 parameters


[image]

width
1288

height
964

[narrow_stereo/left]

camera matrix
965.771234 0.000000 674.386312
0.000000 965.606280 478.379589
0.000000 0.000000 1.000000

distortion
-0.338630 0.112600 0.000388 -0.001000 0.000000

rectification
0.999929 0.002653 -0.011657
-0.002611 0.999990 0.003542
0.011666 -0.003511 0.999926

projection
897.470155 0.000000 702.530930 0.000000
0.000000 897.470155 466.598667 0.000000
0.000000 0.000000 1.000000 0.000000

# oST version 5.0 parameters


[image]

width
1288

height
964

[narrow_stereo/right]

camera matrix
965.343181 0.000000 704.095454
0.000000 964.525104 454.778391
0.000000 0.000000 1.000000

distortion
-0.351913 0.134033 0.000513 -0.001415 0.000000

rectification
0.999914 0.010386 -0.008026
-0.010414 0.999940 -0.003485
0.007990 0.003568 0.999962

projection
897.470155 0.000000 702.530930 54.084306
0.000000 897.470155 466.598667 0.000000
0.000000 0.000000 1.000000 0.000000

